-105.0010944, 40.5816647
-105.0010496, 40.5818160
-105.0009916, 40.5819208
-105.0009586, 40.5819608
-105.0009176, 40.5819988
-105.0008726, 40.5820318
-105.0008226, 40.5820608
-105.0007686, 40.5820858
-105.0007106, 40.5821058
-105.0006496, 40.5821208
-105.0005876, 40.5821308
-105.0005246, 40.5821348
-105.0004616, 40.5821328
-105.0003986, 40.5821258
-105.0003376, 40.5821138
-105.0002796, 40.5820968
-105.0002226, 40.5820738
-105.0001706, 40.5820468
-105.0001236, 40.5820158
-105.0000806, 40.5819798
-105.0000426, 40.5819408
-105.0000116, 40.5818988
-104.9999866, 40.5818548
-104.9999576, 40.5817608
-104.9999546, 40.5817128
-104.9999576, 40.5816648
-104.9999676, 40.5816178
-105.0000096, 40.5815268
-105.0000306, 40.5814805
-105.0000671, 40.5814351
-105.0001077, 40.5814044
-105.0001533, 40.5813692
-105.0002063, 40.5813389
-105.0002937, 40.5812964
-105.0005060, 40.5812567
-105.0008755, 40.5812039
-104.9996585, 40.5811975
-104.9997832, 40.5811000
-104.9998323, 40.5810350
-105.0008372, 40.5810246
-105.0017182, 40.5810187
-105.0019640, 40.5810151
-105.0034429, 40.5808820
-105.0036340, 40.5809163
-105.0038785, 40.5809411
-105.0040023, 40.5809947
-105.0050591, 40.5810031
-105.0051624, 40.5809493
-105.0054011, 40.5809391
-105.0055979, 40.5808161
-105.0054557, 40.5807458
-105.0052491, 40.5806904
-105.0049214, 40.5806481
-105.0049250, 40.5801919
-105.0049281, 40.5797868
-105.0041358, 40.5788350
-105.0040248, 40.5788300
-105.0038918, 40.5788130
-105.0037800, 40.5787953
-105.0022415, 40.5789570
-105.0021340, 40.5784836
-105.0023234, 40.5783863
-105.0027233, 40.5783263
-105.0029228, 40.5783377
-105.0031398, 40.5782620
-105.0031602, 40.5783040
-105.0031778, 40.5783400
-105.0032458, 40.5784440
-105.0033428, 40.5785540
-105.0030274, 40.5788185
-105.0032179, 40.5787940
-105.0034419, 40.5786456
-105.0035068, 40.5786810
-105.0036048, 40.5787280
-105.0036675, 40.5787575
-105.0036005, 40.5788257
-105.0029141, 40.5789250
-105.0029041, 40.5791220
-105.0031106, 40.5791200
-105.0041667, 40.5797863
-105.0041352, 40.5799593
-105.0036282, 40.5797861
-105.0035880, 40.5799633
-105.0030918, 40.5795009
-105.0033904, 40.5796596
-105.0028987, 40.5796170
-105.0032709, 40.5798040
-105.0041224, 40.5805635
-105.0038672, 40.5805273
-105.0036164, 40.5804695
-105.0033588, 40.5803770
-105.0031707, 40.5802773
-105.0029743, 40.5801524
-105.0028554, 40.5800675
-105.0026826, 40.5799443
-105.0024530, 40.5797610
-105.0022760, 40.5796092
-105.0021118, 40.5794258
-105.0019860, 40.5792058
-105.0018981, 40.5789695
-105.0018382, 40.5787047
-105.0017924, 40.5785358
-105.0016668, 40.5778329
-105.0016647, 40.5776441
-105.0016695, 40.5769713
-105.0016876, 40.5744191
-105.0016881, 40.5739947
-105.0016890, 40.5739176
-105.0016991, 40.5731359
-105.0017022, 40.5724177
-105.0016980, 40.5711306
-105.0017052, 40.5708908
-105.0017368, 40.5705076
-105.0020350, 40.5711664
-105.0020967, 40.5706000
-105.0021718, 40.5705531
-105.0025902, 40.5708975
-105.0026117, 40.5706163
-105.0026405, 40.5704478
-105.0027327, 40.5701836
-105.0028558, 40.5699664
-105.0028288, 40.5696924
-105.0030884, 40.5696624
-105.0041562, 40.5696070
-105.0047136, 40.5695716
-105.0049654, 40.5695282
-105.0052637, 40.5694436
-105.0055043, 40.5693283
-105.0057476, 40.5691406
-105.0058728, 40.5689597
-105.0059468, 40.5688152
-105.0059900, 40.5686706
-105.0060200, 40.5683310
-105.0061030, 40.5669300
-105.0061004, 40.5666429
-105.0070590, 40.5666724
-105.0073020, 40.5666807
-105.0075570, 40.5666900
-105.0076960, 40.5666930
-105.0078890, 40.5666970
-105.0079660, 40.5666990
-105.0083270, 40.5667070
-105.0084420, 40.5667090
-105.0088320, 40.5667180
-105.0101840, 40.5667480
-105.0103900, 40.5667530
-105.0106200, 40.5667580
-105.0108510, 40.5667630
-105.0111930, 40.5667710
-105.0117170, 40.5667820
-105.0129516, 40.5667126
-105.0130561, 40.5668940
-105.0129751, 40.5668090
-105.0136640, 40.5668170
-105.0146213, 40.5667905
-105.0151991, 40.5667396
-105.0151991, 40.5668234
-105.0159767, 40.5667416
-105.0164679, 40.5665822
-105.0166855, 40.5666173
-105.0169054, 40.5666622
-105.0171145, 40.5668664
-105.0171033, 40.5667596
-105.0171111, 40.5667598
-105.0171083, 40.5666728
-105.0172407, 40.5666744
-105.0175679, 40.5666785
-105.0178707, 40.5666820
-105.0181068, 40.5666841
-105.0184772, 40.5666968
-105.0188446, 40.5666968
-105.0192199, 40.5666555
-105.0195501, 40.5666255
-105.0198344, 40.5665766
-105.0200326, 40.5665353
-105.0201479, 40.5665496
-105.0202152, 40.5666010
-105.0202582, 40.5667192
-105.0203666, 40.5670206
-105.0203593, 40.5670560
-105.0203679, 40.5671263
-105.0204034, 40.5671864
-105.0204919, 40.5672293
-105.0205874, 40.5672310
-105.0209739, 40.5671109
-105.0214792, 40.5671204
-105.0219260, 40.5671244
-105.0221187, 40.5670656
-105.0223925, 40.5670725
-105.0223849, 40.5672587
-105.0224171, 40.5673829
-105.0225354, 40.5675281
-105.0229129, 40.5678553
-105.0229537, 40.5678859
-105.0229773, 40.5679368
-105.0230730, 40.5683950
-105.0231290, 40.5685950
-105.0231630, 40.5686480
-105.0232130, 40.5686920
-105.0232870, 40.5687460
-105.0234280, 40.5688360
-105.0235490, 40.5689240
-105.0236590, 40.5690180
-105.0238320, 40.5691760
-105.0238940, 40.5692100
-105.0241010, 40.5692600
-105.0242610, 40.5692830
-105.0243270, 40.5693150
-105.0243741, 40.5693228
-105.0244250, 40.5692963
-105.0245404, 40.5692555
-105.0246557, 40.5691944
-105.0248005, 40.5691170
-105.0249615, 40.5690518
-105.0250900, 40.5690530
-105.0252870, 40.5690040
-105.0255550, 40.5689450
-105.0259400, 40.5688520
-105.0262710, 40.5687300
-105.0263710, 40.5687040
-105.0264360, 40.5687000
-105.0266060, 40.5687160
-105.0266820, 40.5687160
-105.0267210, 40.5687050
-105.0267470, 40.5686870
-105.0268040, 40.5686320
-105.0267960, 40.5684070
-105.0268100, 40.5680800
-105.0268500, 40.5676830
-105.0268840, 40.5673761
-105.0269098, 40.5672179
-105.0269281, 40.5671535
-105.0276953, 40.5671616
-105.0282049, 40.5671698
-105.0283283, 40.5672105
-105.0289452, 40.5672146
-105.0287681, 40.5672920
-105.0282126, 40.5669647
-105.0281566, 40.5672920
-105.0278777, 40.5669497
-105.0277571, 40.5668288
-105.0277014, 40.5668288
-105.0276129, 40.5668615
-105.0275601, 40.5669203
-105.0275481, 40.5671853
-105.0280010, 40.5673287
-105.0279141, 40.5673952
-105.0278319, 40.5675095
-105.0277453, 40.5675446
-105.0276700, 40.5677620
-105.0276524, 40.5678799
-105.0276271, 40.5679495
-105.0274788, 40.5681695
-105.0274805, 40.5683451
-105.0274531, 40.5685105
-105.0274482, 40.5685731
-105.0274916, 40.5687522
-105.0274812, 40.5689205
-105.0275060, 40.5690088
-105.0275787, 40.5691077
-105.0276720, 40.5692162
-105.0277710, 40.5692618
-105.0282529, 40.5694765
-105.0284463, 40.5694958
-105.0286434, 40.5695006
-105.0286966, 40.5695095
-105.0287416, 40.5695346
-105.0287942, 40.5696178
-105.0288529, 40.5697492
-105.0289502, 40.5699167
-105.0290710, 40.5700446
-105.0292953, 40.5701254
-105.0296114, 40.5701925
-105.0296715, 40.5702251
-105.0296850, 40.5701490
-105.0296750, 40.5700190
-105.0296610, 40.5696830
-105.0296830, 40.5689410
-105.0296940, 40.5688550
-105.0297420, 40.5687830
-105.0297550, 40.5687690
-105.0297750, 40.5687460
-105.0298430, 40.5687100
-105.0299070, 40.5686860
-105.0300570, 40.5686860
-105.0302960, 40.5686990
-105.0306470, 40.5687250
-105.0309500, 40.5687550
-105.0314180, 40.5687850
-105.0324070, 40.5688050
-105.0329500, 40.5687870
-105.0331150, 40.5687960
-105.0337470, 40.5688510
-105.0349445, 40.5689244
-105.0350568, 40.5689343
-105.0352360, 40.5689466
-105.0354220, 40.5689470
-105.0355975, 40.5689145
-105.0358810, 40.5688390
-105.0359450, 40.5688150
-105.0360090, 40.5688160
-105.0360924, 40.5688075
-105.0361957, 40.5688353
-105.0362630, 40.5688610
-105.0363110, 40.5688540
-105.0363690, 40.5688250
-105.0364340, 40.5687690
-105.0366010, 40.5685870
-105.0367720, 40.5683240
-105.0370463, 40.5679085
-105.0369720, 40.5678237
-105.0368662, 40.5675988
-105.0368724, 40.5675627
-105.0370239, 40.5673126
-105.0370893, 40.5671802
-105.0371612, 40.5671010
-105.0372543, 40.5670525
-105.0373906, 40.5670167
-105.0378400, 40.5669870
-105.0384122, 40.5669261
-105.0395832, 40.5665958
-105.0399885, 40.5665121
-105.0404157, 40.5664133
-105.0407483, 40.5663563
-105.0409740, 40.5663373
-105.0411938, 40.5663451
-105.0412289, 40.5662762
-105.0412982, 40.5661111
-105.0413333, 40.5660517
-105.0413456, 40.5660350
-105.0413909, 40.5659839
-105.0414439, 40.5659465
-105.0415082, 40.5659163
-105.0419617, 40.5657786
-105.0421416, 40.5657225
-105.0423053, 40.5656757
-105.0424080, 40.5656520
-105.0424810, 40.5656420
-105.0426380, 40.5656340
-105.0427794, 40.5656245
-105.0429071, 40.5656369
-105.0429860, 40.5656580
-105.0430539, 40.5656693
-105.0431456, 40.5656775
-105.0431881, 40.5656819
-105.0433421, 40.5656907
-105.0433470, 40.5656910
-105.0434470, 40.5656890
-105.0435432, 40.5656708
-105.0439176, 40.5656202
-105.0439835, 40.5656014
-105.0442270, 40.5654345
-105.0444636, 40.5652788
-105.0445783, 40.5652180
-105.0446466, 40.5651784
-105.0446808, 40.5651301
-105.0446664, 40.5650516
-105.0448366, 40.5649447
-105.0449510, 40.5649120
